number_of_chains = 25
chain_length = 500
stepsize_u7 = 1.275
stepsize_leapfrog = 0.715
trajectory_length_u7 = 10
trajectory_length_leapfrog = 10
dimension = 2

x_0 = np.zeros(dimension)   #may be chosen randomly for different chains
mu = np.random.normal(size=dimension)

inv_cov = np.array([[ 2.70400247, -2.84656494],
 [-2.84656494,  4.20325443]])

 --------------------------------------------------------------------------------------

 number_of_chains = 25
 chain_length = 500
 stepsize_u7 = 0.487
 stepsize_leapfrog = 0.3
 trajectory_length_u7 = 10
 trajectory_length_leapfrog = 10
 dimension = 10

 x_0 = np.zeros(dimension)   #may be chosen randomly for different chains
 mu = np.random.normal(size=dimension)
 A = np.random.rand(dimension, dimension)
 cov = np.dot(A, A.transpose())
 inv_cov = np.linalg.inv(cov)
 inv_cov = np.array([[ 1.84984923e+01, -1.21639515e+01,  1.47480361e+00, -7.86359700e+00,
    2.98541181e+00, -8.00269519e+00,  3.80178183e+00, -2.02577223e+00,
   -4.55767762e+00, -1.82009378e+00],
  [-1.21639515e+01,  9.85955053e+00, -1.62779823e+00,  4.42647356e+00,
   -2.67779674e+00,  6.23774995e+00, -2.43038967e+00,  2.22521335e-01,
    3.21783093e+00,  1.44878664e+00],
  [ 1.47480361e+00, -1.62779823e+00,  3.82846261e+00, -2.07459077e+00,
    1.60828746e+00, -2.65368838e+00,  2.17959295e+00,  1.83343081e-02,
   -1.83255287e+00, -2.72634719e+00],
  [-7.86359700e+00,  4.42647356e+00, -2.07459077e+00,  6.33730234e+00,
   -1.87212227e+00,  3.99115470e+00, -2.99816665e+00,  1.49772896e+00,
    1.91916969e+00,  1.43560595e+00],
  [ 2.98541181e+00, -2.67779674e+00,  1.60828746e+00, -1.87212227e+00,
    2.90869360e+00, -3.01118314e+00,  1.07050951e+00,  3.76801490e-01,
   -1.65233028e+00, -1.51410822e+00],
  [-8.00269519e+00,  6.23774995e+00, -2.65368838e+00,  3.99115470e+00,
   -3.01118314e+00,  7.74813834e+00, -4.28478185e+00, -6.33559837e-01,
    3.23189621e+00,  2.01324342e+00],
  [ 3.80178183e+00, -2.43038967e+00,  2.17959295e+00, -2.99816665e+00,
    1.07050951e+00, -4.28478185e+00,  4.21531856e+00,  7.40632917e-03,
   -2.24965883e+00, -1.75615177e+00],
  [-2.02577223e+00,  2.22521335e-01,  1.83343081e-02,  1.49772896e+00,
    3.76801490e-01, -6.33559837e-01,  7.40632917e-03,  2.12860451e+00,
    6.39614682e-03, -2.93000619e-01],
  [-4.55767762e+00,  3.21783093e+00, -1.83255287e+00,  1.91916969e+00,
   -1.65233028e+00,  3.23189621e+00, -2.24965883e+00,  6.39614682e-03,
    3.23128437e+00,  1.60886584e+00],
  [-1.82009378e+00,  1.44878664e+00, -2.72634719e+00,  1.43560595e+00,
   -1.51410822e+00,  2.01324342e+00, -1.75615177e+00, -2.93000619e-01,
    1.60886584e+00,  3.05125845e+00]])
